75
84
1
59
64
63
53
12
96
46
9
94
82
70
97
93
33
48
44
34
43
95
69
81
31
6
10
7
19
5
73
16
20
66
3
17
13
40
41
30
42
15
45
58
55
49
50
8
22
92
51
57
77
25
88
83
28
86
90
23
71
38
80
21
100
79
35
47
24
76
67
52
65
89
11
85
29
2
36
60
78
26
14
56
18
37
62
68
32
61
54
72
74
91
4
98
27
87
39
99
75
84
1
59
64
63
53
12
96
46
9
94
82
70
97
93
33
48
44
34
43
95
69
81
31
6
10
7
19
5
73
16
20
66
3
17
13
40
41
30
42
15
45
58
55
49
50
8
22
92
51
57
77
25
88
83
28
86
90
23
71
38
80
21
100
79
35
47
24
76
67
52
65
89
11
85
29
2
36
60
78
26
14
56
18
37
62
68
32
61
54
72
74
91
4
98
27
87
39
99
17
2
18
22
45
68
47
81
27
95
90
64
52
67
39
23
97
100
16
41
86
12
98
76
10
25
88
87
66
42
62
50
48
94
8
15
56
30
96
46
84
83
32
55
54
19
21
38
58
36
1
72
49
24
29
93
75
85
31
28
69
74
92
43
71
73
82
9
99
13
57
79
34
40
53
26
70
91
4
51
6
61
63
65
59
11
80
78
3
77
35
89
14
33
44
5
20
60
7
37

